ARGENTINA													
ELEVATION (m)	LATITUDE	LONGITUDE	DATE	"TPCP (total precipitation amout per month, mm)"	MNTM (mean monthly temp C)	YEAR (aegypti locations)	"ELEVATION (m, 5km x 5km)"	LAT	LONG	YEAR (albopictus)	"ELEVATION (m, 5km x 5km)"	LAT	LONG
5.5	-34.559	-58.416	20150101	209.3	24.2	0	1197	-24.77	-65.4	1998	548	-26.06	-53.74
5.5	-34.559	-58.416	20150201	31.9	25.1	0	1193	-24.78	-65.42	1998	221	-26.41	-54.58
5.5	-34.559	-58.416	20150301	1.3	22.5	0	806	-26.25	-53.65				
5.5	-34.559	-58.416	20150401	74.2	20.9	0	625	-22.02	-63.68				
5.5	-34.559	-58.416	20150501	38.4	18.4	0	611	-22.03	-63.68				
5.5	-34.559	-58.416	20150601	67.3	13.9	0	594	-22.05	-63.69				
5.5	-34.559	-58.416	20150701	55.9	12.2	0	552	-28.47	-65.78				
5.5	-34.559	-58.416	20150801	216.6	14.4	0	552	-28.47	-65.78				
5.5	-34.559	-58.416	20150901	27.8	15.7	0	542	-28.45	-65.78				
5.5	-34.559	-58.416	20151001	62.7	15	0	540	-29.41	-66.86				
5.5	-34.559	-58.416	20151101	205.9	20.9	0	514	-29.42	-66.85				
5.5	-34.559	-58.416	20151201	54.6	24.3	0	512	-22.52	-63.81				
449	-22.62	-63.794	20150101	198.8	27.2	0	512	-22.55	-63.81				
449	-22.62	-63.794	20150201	105.4	27.3	0	485	-26.8	-65.22				
449	-22.62	-63.794	20150301	58.6	26.5	0	477	-22.52	-63.78				
449	-22.62	-63.794	20150401	196.4	24.1	0	466	-26.81	-65.22				
449	-22.62	-63.794	20150501	26.1	20.4	0	451	-23.83	-64.79				
449	-22.62	-63.794	20150601	16.8	17.8	0	438	-31.37	-64.2				
449	-22.62	-63.794	20150701	12	16.6	0	432	-31.38	-64.17				
449	-22.62	-63.794	20150801	21.4	20.5	0	423	-31.4	-64.18				
449	-22.62	-63.794	20150901	3	23.2	0	417	-31.4	-64.19				
449	-22.62	-63.794	20151001	2.3	26	0	412	-31.42	-64.18				
449	-22.62	-63.794	20151101	59.3	24.8	0	406	-22.74	-64.35				
449	-22.62	-63.794	20151201	77	27.4	0	360	-23.13	-64.33				
463.9	-28.596	-65.752	20150101	177.2	29	0	357	-23.13	-64.32				
463.9	-28.596	-65.752	20150201	112.3	27.1	0	227	-25.92	-54.59				
463.9	-28.596	-65.752	20150301	47.1	27.5	0	220	-25.92	-54.6				
463.9	-28.596	-65.752	20150401	11.9	24.9	0	202	-32.4	-63.23				
463.9	-28.596	-65.752	20150501	7	19.4	0	192	-27.78	-64.27				
463.9	-28.596	-65.752	20150601	-9999	15.2	0	192	-27.78	-64.27				
463.9	-28.596	-65.752	20150701	3.3	14.3	0	188	-25.61	-54.58				
463.9	-28.596	-65.752	20150801	23	19.1	0	184	-23.88	-61.85				
463.9	-28.596	-65.752	20150901	3	20.9	0	179	-25.97	-54.58				
463.9	-28.596	-65.752	20151001	17.5	23.4	0	151	-25.6	-54.58				
463.9	-28.596	-65.752	20151101	69.8	24.2	0	137	-27.4	-55.91				
463.9	-28.596	-65.752	20151201	74.7	29.5	0	137	-27.4	-55.91				
20	-40.783	-65.1	20150101	22.1	22.7	0	116	-27.36	-55.9				
20	-40.783	-65.1	20150201	27.2	22.3	0	116	-27.36	-55.9				
20	-40.783	-65.1	20150301	4.6	20.3	0	103	-31.25	-61.49				
20	-40.783	-65.1	20150401	81.1	16.5	0	95	-27.87	-55.13				
20	-40.783	-65.1	20150501	0.5	12.7	0	94	-27.88	-55.13				
20	-40.783	-65.1	20150601	3.3	10.2	0	85	-26.92	-60.05				
20	-40.783	-65.1	20150701	0	7.6	0	80	-27.37	-55.88				
20	-40.783	-65.1	20150801	15.5	10.7	0	65	-25.29	-57.72				
20	-40.783	-65.1	20150901	20.1	10	0	64	-27.47	-58.83				
20	-40.783	-65.1	20151001	45	11.9	0	64	-25.28	-57.72				
20	-40.783	-65.1	20151101	8.9	20.1	0	64	-31.74	-60.51				
20	-40.783	-65.1	20151201	3	22.4	0	62	-27.47	-58.84				
74	-31.783	-60.483	20150101	200.2	26.1	0	60	-25.85	-57.9				
74	-31.783	-60.483	20150201	163.4	25.5	0	56	-27.45	-58.99				
74	-31.783	-60.483	20150301	110.5	23.9	0	48	-29.12	-59.66				
74	-31.783	-60.483	20150401	249.2	21.6	0	45	-31.73	-60.5				
74	-31.783	-60.483	20150501	73.9	17.3	0	36	-34.6	-58.38				
74	-31.783	-60.483	20150601	30.9	14.8	0	32	-34.63	-58.46				
74	-31.783	-60.483	20150701	11.2	12.8	0	26	-34.6	-58.42				
74	-31.783	-60.483	20150801	118	15.9	0	26	-34.61	-58.37				
74	-31.783	-60.483	20150901	26.8	16.8	0	25	-34.92	-57.95				
74	-31.783	-60.483	20151001	80.2	17.6	0	25	-34.92	-57.95				
74	-31.783	-60.483	20151101	104.3	21.9	0	14	-34.93	-57.96				
74	-31.783	-60.483	20151201	95	24.5	0	9	-33.01	-58.51				
22	-37.933	-57.583	20150101	60.9	19.4	1995	402	-31.41	-64.19				
22	-37.933	-57.583	20150201	40.1	21.7	1995	204	-32.43	-63.25				
22	-37.933	-57.583	20150301	10.7	20.4	1996	1183	-24.79	-65.41				
22	-37.933	-57.583	20150401	78.5	17.4	1996	534	-30.98	-64.09				
22	-37.933	-57.583	20150501	40.1	14.1	1996	493	-31.27	-64.17				
22	-37.933	-57.583	20150601	37.1	9.8	1996	432	-31.38	-64.18				
22	-37.933	-57.583	20150701	49.9	9.1	1996	431	-31.42	-64.2				
22	-37.933	-57.583	20150801	153.4	11.5	1996	430	-31.38	-64.21				
22	-37.933	-57.583	20150901	12.7	11.3	1996	419	-31.47	-64.13				
22	-37.933	-57.583	20151001	95.9	11.6	1996	417	-31.4	-64.19				
22	-37.933	-57.583	20151101	52.4	16.7	1996	357	-23.14	-64.32				
22	-37.933	-57.583	20151201	10.7	22.4	1996	207	-32.4	-63.26				
75	-38.733	-62.167	20150101	109.9	24.7	1996	207	-32.41	-63.26				
75	-38.733	-62.167	20150201	106.2	23.2	1996	205	-32.41	-63.25				
75	-38.733	-62.167	20150301	69.5	21.9	1996	137	-27.4	-55.91				
75	-38.733	-62.167	20150401	73.1	16.7	1996	36	-34.6	-58.38				
75	-38.733	-62.167	20150501	42.9	13.5	1996	32	-34.61	-58.38				
75	-38.733	-62.167	20150601	0.5	10.2	1996	25	-34.09	-59.04				
75	-38.733	-62.167	20150701	24.1	9.3	1998	757	-22.06	-63.71				
75	-38.733	-62.167	20150801	43.7	11.9	1998	508	-22.53	-63.81				
75	-38.733	-62.167	20150901	4.3	10.8	1998	360	-23.13	-64.33				
75	-38.733	-62.167	20151001	60.2	13.2	1998	289	-23.21	-64.1				
75	-38.733	-62.167	20151101	44.1	19.8	1998	221	-26.41	-54.58				
75	-38.733	-62.167	20151201	28.7	23.6	1999	417	-31.4	-64.19				
200	-27.767	-64.3	20150101	49.4	28.5	1999	417	-31.4	-64.19				
200	-27.767	-64.3	20150201	102.3	27.9	1999	417	-31.4	-64.19				
200	-27.767	-64.3	20150301	204.1	26	1999	96	-26.79	-60.44				
200	-27.767	-64.3	20150401	25.2	24.2	1999	25	-34.59	-58.46				
200	-27.767	-64.3	20150501	20.3	19.8	2000	454	-31.32	-64.17				
200	-27.767	-64.3	20150601	4.5	15.1	2000	417	-31.4	-64.19				
200	-27.767	-64.3	20150701	0	14.8	2000	84	-26.93	-60.05				
200	-27.767	-64.3	20150801	41	19.4	2000	63	-25.28	-57.71				
200	-27.767	-64.3	20150901	0.8	21	2000	25	-34.92	-57.95				
200	-27.767	-64.3	20151001	3	22.4	2000	25	-34.59	-58.46				
200	-27.767	-64.3	20151101	84.1	24.4	2001	867	-22.07	-63.72				
200	-27.767	-64.3	20151201	140.2	27.6	2001	636	-22.28	-63.76				
21.6	-54.843	-68.296	20150101	19	11.1	2001	512	-22.55	-63.81				
21.6	-54.843	-68.296	20150201	31.6	9.4	2001	26	-34.61	-58.37				
21.6	-54.843	-68.296	20150301	32.6	9.9	2001	25	-34.59	-58.46				
21.6	-54.843	-68.296	20150401	31.6	6.1	2002	478	-31.4	-64.27				
21.6	-54.843	-68.296	20150501	52	4.5	2002	462	-31.46	-64.21				
21.6	-54.843	-68.296	20150601	53.1	1.7	2002	431	-31.42	-64.2				
21.6	-54.843	-68.296	20150701	39.6	1.1	2002	429	-31.36	-64.16				
21.6	-54.843	-68.296	20150801	34	2.4	2002	427	-31.36	-64.24				
21.6	-54.843	-68.296	20150901	43	4.2	2002	415	-31.39	-64.13				
21.6	-54.843	-68.296	20151001	20.1	7	2002	406	-31.45	-64.11				
21.6	-54.843	-68.296	20151101	26.3	8	2003	55	-27.46	-58.99				
21.6	-54.843	-68.296	20151201	40.4	7	2003	52	-27.5	-59				
3479	-22.1	-65.6	20150101	91.6	14.5	2004	116	-27.36	-55.9				
3479	-22.1	-65.6	20150201	71.4	15.1	2004	64	-31.74	-60.51				
3479	-22.1	-65.6	20150301	33.2	14.5	2004	36	-34.6	-58.38				
3479	-22.1	-65.6	20150401	18.3	12.7	2004	9	-33.01	-58.51				
3479	-22.1	-65.6	20150501	-9999	8	2005	543	-22.53	-63.82				
3479	-22.1	-65.6	20150601	-9999	6.8	2005	360	-23.13	-64.33				
3479	-22.1	-65.6	20150701	-9999	5.4	2005	357	-23.14	-64.32				
3479	-22.1	-65.6	20150801	-9999	7.8	2005	210	-25.62	-54.57				
3479	-22.1	-65.6	20150901	-9999	11	2005	192	-25.61	-54.57				
3479	-22.1	-65.6	20151001	1	13.7	2005	171	-25.6	-54.57				
3479	-22.1	-65.6	20151101	7.9	15.2	2005	156	-25.59	-54.57				
3479	-22.1	-65.6	20151201	40.1	16	2005	151	-25.6	-54.58				
1246	-24.85	-65.483	20150101	81.4	23.1	2005	151	-25.6	-54.58				
1246	-24.85	-65.483	20150201	214.1	23.1	2005	148	-25.6	-54.59				
1246	-24.85	-65.483	20150301	156.3	20.5	2006	625	-22.02	-63.68				
1246	-24.85	-65.483	20150401	26.4	19.6	2006	423	-31.4	-64.18				
1246	-24.85	-65.483	20150501	1.9	15.7	2006	357	-23.14	-64.32				
1246	-24.85	-65.483	20150601	0.5	13.8	2006	188	-25.61	-54.58				
1246	-24.85	-65.483	20150701	11.7	13.9	2006	27	-34.58	-58.5				
1246	-24.85	-65.483	20150801	2.8	15.5	2007	357	-23.14	-64.32				
1246	-24.85	-65.483	20150901	0	19.6	2007	175	-25.96	-54.59				
1246	-24.85	-65.483	20151001	9	20.4	2007	166	-25.97	-54.59				
1246	-24.85	-65.483	20151101	50.9	20.5	2007	64	-25.28	-57.72				
1246	-24.85	-65.483	20151201	85.4	23.4	2007	63	-25.28	-57.71				
356	-23.153	-64.329	20150101	162.1	28	2007	52	-34.27	-60.31				
356	-23.153	-64.329	20150201	190.2	27.7	2007	28	-34.59	-58.47				
356	-23.153	-64.329	20150301	239.7	26.3	2007	11	-34.76	-58.43				
356	-23.153	-64.329	20150401	68.4	24.7	2008	664	-31.33	-66.58				
356	-23.153	-64.329	20150501	27.9	20.8	2008	612	-22.03	-63.67				
356	-23.153	-64.329	20150601	7.8	17.4	2008	477	-22.52	-63.78				
356	-23.153	-64.329	20150701	0	17.5	2008	459	-23.82	-64.78				
356	-23.153	-64.329	20150801	24.7	20.2	2008	432	-31.38	-64.17				
356	-23.153	-64.329	20150901	3.6	23.8	2008	421	-31.4	-64.17				
356	-23.153	-64.329	20151001	12.1	24.9	2008	390	-26.93	-65.27				
356	-23.153	-64.329	20151101	61.7	26.2	2008	357	-23.13	-64.32				
356	-23.153	-64.329	20151201	59.6	28.3	2008	192	-27.78	-64.27				
429	-46.517	-71.017	20150301	0.5	13.9	2008	171	-25.6	-54.57				
429	-46.517	-71.017	20150701	0	-9999	2008	162	-26.81	-55.03				
429	-46.517	-71.017	20150801	1	1.2	2008	102	-31.25	-61.48				
279	-25.733	-54.467	20150101	257.5	27.3	2008	64	-25.28	-57.72				
279	-25.733	-54.467	20150201	162	26.7	2008	51	-29.1	-59.65				
279	-25.733	-54.467	20150301	161.5	25.6	2008	25	-34.67	-58.5				
279	-25.733	-54.467	20150401	125.3	22.6	2008	21	-34.56	-58.46				
279	-25.733	-54.467	20150501	210.8	20.4	2008	11	-34.76	-58.43				
279	-25.733	-54.467	20150601	112.7	18.2	2009	232	-25.92	-54.58				
279	-25.733	-54.467	20150701	259.7	17.4	2009	25	-34.67	-58.5				
279	-25.733	-54.467	20150801	47	22.2	2009	21	-34.56	-58.46				
279	-25.733	-54.467	20150901	106.2	24.7	2010	547	-22.24	-63.73				
279	-25.733	-54.467	20151001	75.8	26.8	2010	295	-38.95	-68.05				
279	-25.733	-54.467	20151101	309.8	24.6	2010	29	-34.54	-58.69				
279	-25.733	-54.467	20151201	391.9	25.6	2010	28	-34.66	-58.68				
653	-33.083	-68.417	20150101	23.9	27.5	2010	10	-34.87	-58.07				
653	-33.083	-68.417	20150201	62.9	24.8	2010	8	-34.7	-58.39				
653	-33.083	-68.417	20150301	78.3	24.5	2011	423	-26.85	-65.17				
653	-33.083	-68.417	20150401	2	19.9	2011	16	-35.58	-58.01				
653	-33.083	-68.417	20150501	0.5	15.2	2011	14	-35.88	-57.9				
653	-33.083	-68.417	20150601	-9999	11.3	2012	518	-27.38	-65.74				
653	-33.083	-68.417	20150701	-9999	9.9	2012	16	-35.58	-58.01				
653	-33.083	-68.417	20150801	21.9	13.8	2012	14	-35.88	-57.9				
653	-33.083	-68.417	20150901	9.9	15.8	2012	12	-36.32	-57.68				
653	-33.083	-68.417	20151001	17	15	2012	11	-36.09	-57.81				
653	-33.083	-68.417	20151101	36.7	20.8	2013	518	-27.38	-65.74				
653	-33.083	-68.417	20151201	53.8	25.8	2013	427	-27.34	-65.66				
19	-51.617	-69.283	20150101	48.9	13.9								
19	-51.617	-69.283	20150201	11.4	14.4								
19	-51.617	-69.283	20150301	16.5	13.1								
19	-51.617	-69.283	20150401	11.7	7.8								
19	-51.617	-69.283	20150501	30	5.9								
19	-51.617	-69.283	20150601	65.6	3.9								
19	-51.617	-69.283	20150701	19.7	2.2								
19	-51.617	-69.283	20150801	16.2	2.9								
19	-51.617	-69.283	20150901	4.1	5.3								
19	-51.617	-69.283	20151001	10	8.6								
19	-51.617	-69.283	20151101	8.1	11.8								
19	-51.617	-69.283	20151201	18.8	12.6								
799	-42.933	-71.15	20150101	0	18.4								
799	-42.933	-71.15	20150201	0	16.9								
799	-42.933	-71.15	20150301	3	14.7								
799	-42.933	-71.15	20150401	28.2	10.1								
799	-42.933	-71.15	20150501	128.3	8								
799	-42.933	-71.15	20150601	147.6	4.8								
799	-42.933	-71.15	20150701	40.1	4								
799	-42.933	-71.15	20150801	73	4								
799	-42.933	-71.15	20150901	26.3	5.9								
799	-42.933	-71.15	20151001	2.4	8.9								
799	-42.933	-71.15	20151101	2.8	13.2								
799	-42.933	-71.15	20151201	0	14.8								
34.1	-31.297	-57.997	20150101	149.1	25.1								
34.1	-31.297	-57.997	20150201	64.8	26.2								
34.1	-31.297	-57.997	20150301	142.7	23.8								
34.1	-31.297	-57.997	20150401	21.1	21.5								
34.1	-31.297	-57.997	20150501	93.5	18.9								
34.1	-31.297	-57.997	20150601	59.2	15.3								
34.1	-31.297	-57.997	20150701	3	12.8								
34.1	-31.297	-57.997	20150801	351.7	17.8								
34.1	-31.297	-57.997	20150901	118.7	17.8								
34.1	-31.297	-57.997	20151001	138.1	17.8								
34.1	-31.297	-57.997	20151101	141.3	21.2								
34.1	-31.297	-57.997	20151201	228	24.1								
21.9	-34.972	-57.895	20150101	138	22.7								
21.9	-34.972	-57.895	20150201	79	23.1								
21.9	-34.972	-57.895	20150301	44.4	21.5								
21.9	-34.972	-57.895	20150401	24.1	19.7								
21.9	-34.972	-57.895	20150501	37.9	15.1								
21.9	-34.972	-57.895	20150601	36.1	11.2								
21.9	-34.972	-57.895	20150701	62	11								
21.9	-34.972	-57.895	20150801	193.8	13.3								
21.9	-34.972	-57.895	20150901	32	12.7								
21.9	-34.972	-57.895	20151001	65.1	14.7								
21.9	-34.972	-57.895	20151101	131.1	19.4								
21.9	-34.972	-57.895	20151201	46	23								
6.1	-40.869	-63	20150101	336.9	22.4								
6.1	-40.869	-63	20150201	60.2	23.1								
6.1	-40.869	-63	20150301	26.8	21.8								
6.1	-40.869	-63	20150401	44.8	16.3								
6.1	-40.869	-63	20150501	39.4	12.8								
6.1	-40.869	-63	20150601	1.7	9.2								
6.1	-40.869	-63	20150701	0	7.8								
6.1	-40.869	-63	20150801	34	10.6								
6.1	-40.869	-63	20150901	10	11.1								
6.1	-40.869	-63	20151001	77.9	12.3								
6.1	-40.869	-63	20151101	20.8	21.5								
6.1	-40.869	-63	20151201	38.2	22.3								
597.1	-31.571	-68.418	20150101	10.2	29.2								
597.1	-31.571	-68.418	20150201	9.9	27.4								
597.1	-31.571	-68.418	20150301	7.1	25.6								
597.1	-31.571	-68.418	20150401	0	21.1								
597.1	-31.571	-68.418	20150501	-9999	14.2								
597.1	-31.571	-68.418	20150601	-9999	10.4								
597.1	-31.571	-68.418	20150701	-9999	9.5								
597.1	-31.571	-68.418	20150801	11.2	13.1								
597.1	-31.571	-68.418	20150901	-9999	16.2								
597.1	-31.571	-68.418	20151001	0	17.5								
597.1	-31.571	-68.418	20151101	14	22.6								
597.1	-31.571	-68.418	20151201	0	28								
204	-50.267	-72.05	20150101	6.1	12.7								
204	-50.267	-72.05	20150201	0.3	13.5								
204	-50.267	-72.05	20150301	2	11.9								
204	-50.267	-72.05	20150401	49.3	5.9								
204	-50.267	-72.05	20150501	24.6	4.2								
204	-50.267	-72.05	20150601	22.3	3.2								
204	-50.267	-72.05	20150701	6.1	1.4								
204	-50.267	-72.05	20150801	3.5	2.2								
204	-50.267	-72.05	20150901	0.5	5.2								
204	-50.267	-72.05	20151001	9.1	8.6								
204	-50.267	-72.05	20151101	6.1	10.2								
204	-50.267	-72.05	20151201	31.3	11.4								
438	-29.383	-66.817	20150101	82.6	30.4								
438	-29.383	-66.817	20150201	62.2	27.1								
438	-29.383	-66.817	20150301	96.9	25.2								
438	-29.383	-66.817	20150401	1	23.6								
438	-29.383	-66.817	20150501	0.3	18.5								
438	-29.383	-66.817	20150601	-9999	14								
438	-29.383	-66.817	20150701	10.9	13.2								
438	-29.383	-66.817	20150801	2	17.4								
438	-29.383	-66.817	20150901	0.8	21								
438	-29.383	-66.817	20151001	10.9	20.9								
438	-29.383	-66.817	20151101	496.8	24.4								
438	-29.383	-66.817	20151201	158.7	28.7								
752.9	-34.588	-68.403	20150101	70	24.4								
752.9	-34.588	-68.403	20150201	54.1	23.5								
752.9	-34.588	-68.403	20150301	98.1	23								
752.9	-34.588	-68.403	20150401	5	18.3								
752.9	-34.588	-68.403	20150501	-9999	14.3								
752.9	-34.588	-68.403	20150601	-9999	10								
752.9	-34.588	-68.403	20150701	0.5	9.6								
752.9	-34.588	-68.403	20150801	47.7	12.4								
752.9	-34.588	-68.403	20150901	21.1	13.1								
752.9	-34.588	-68.403	20151001	54.5	12.7								
752.9	-34.588	-68.403	20151101	63.3	18.7								
752.9	-34.588	-68.403	20151201	69.1	23.3								
137	-34.133	-63.367	20150101	112.6	24.8								
137	-34.133	-63.367	20150201	102.4	23.3								
137	-34.133	-63.367	20150301	98.6	23.8								
137	-34.133	-63.367	20150401	103.9	20.8								
137	-34.133	-63.367	20150501	46	15.6								
137	-34.133	-63.367	20150601	17	12.1								
137	-34.133	-63.367	20150701	4.1	11.3								
137	-34.133	-63.367	20150801	7.4	13.8								
137	-34.133	-63.367	20150901	33.1	15.4								
137	-34.133	-63.367	20151001	64.1	16.1								
137	-34.133	-63.367	20151101	129.7	20								
137	-34.133	-63.367	20151201	177.5	24.5								
88	-29.883	-61.95	20150101	260	27.2								
88	-29.883	-61.95	20150201	182.5	27								
88	-29.883	-61.95	20150301	65	24.5								
88	-29.883	-61.95	20150401	9.7	23								
88	-29.883	-61.95	20150501	4.5	19.1								
88	-29.883	-61.95	20150601	2	17.1								
88	-29.883	-61.95	20150701	0.5	14.7								
88	-29.883	-61.95	20150801	72.5	18.2								
88	-29.883	-61.95	20150901	0	19.9								
88	-29.883	-61.95	20151001	37	20.5								
88	-29.883	-61.95	20151101	160.9	23.2								
88	-29.883	-61.95	20151201	128.7	24.8								
57.9	-49.307	-67.803	20150101	14.4	16								
57.9	-49.307	-67.803	20150201	14	16.6								
57.9	-49.307	-67.803	20150301	2.6	15.5								
57.9	-49.307	-67.803	20150401	24.9	10.4								
57.9	-49.307	-67.803	20150501	35.6	8.4								
57.9	-49.307	-67.803	20150601	17.1	4								
57.9	-49.307	-67.803	20150701	20.5	4								
57.9	-49.307	-67.803	20150801	19.8	5								
57.9	-49.307	-67.803	20150901	0.8	7.5								
57.9	-49.307	-67.803	20151001	29.4	12.9								
57.9	-49.307	-67.803	20151101	16.2	13.7								
57.9	-49.307	-67.803	20151201	34.4	14.5								
93	-26.733	-60.483	20150101	163	28.5								
93	-26.733	-60.483	20150201	90.2	28.6								
93	-26.733	-60.483	20150301	55.7	26.6								
93	-26.733	-60.483	20150401	140.9	23.5								
93	-26.733	-60.483	20150501	59.3	20								
93	-26.733	-60.483	20150601	38.3	18.8								
93	-26.733	-60.483	20150701	2.8	15.9								
93	-26.733	-60.483	20150801	74.2	21.1								
93	-26.733	-60.483	20150901	0	22								
93	-26.733	-60.483	20151001	59.5	24.1								
93	-26.733	-60.483	20151101	173.7	25.4								
93	-26.733	-60.483	20151201	80	28.7								
110	-32.684	-62.158	20150101	155.6	25.3								
110	-32.684	-62.158	20150201	115	23.5								
110	-32.684	-62.158	20150301	204.9	23.6								
110	-32.684	-62.158	20150401	92	21.9								
110	-32.684	-62.158	20150501	0.3	15.9								
110	-32.684	-62.158	20150601	0.3	13.5								
110	-32.684	-62.158	20150701	47.4	12.5								
110	-32.684	-62.158	20150801	101.4	14.7								
110	-32.684	-62.158	20150901	29.9	15.3								
110	-32.684	-62.158	20151001	89.2	17.6								
110	-32.684	-62.158	20151101	171.5	21.7								
110	-32.684	-62.158	20151201	121.9	24.9								
338	-31.667	-63.883	20150101	141.1	25.3								
338	-31.667	-63.883	20150201	266.5	23.2								
338	-31.667	-63.883	20150301	157.8	22.2								
338	-31.667	-63.883	20150401	25.2	21.3								
338	-31.667	-63.883	20150501	2.8	17.1								
338	-31.667	-63.883	20150601	0	13.2								
338	-31.667	-63.883	20150701	3	12.8								
338	-31.667	-63.883	20150801	15.8	15.3								
338	-31.667	-63.883	20150901	19	15.9								
338	-31.667	-63.883	20151001	20.5	18.2								
338	-31.667	-63.883	20151101	154.3	21.1								
338	-31.667	-63.883	20151201	43.8	25.4								
79.9	-34.546	-60.931	20150101	173.6	22.9								
79.9	-34.546	-60.931	20150201	31.2	22.8								
79.9	-34.546	-60.931	20150301	113	22.3								
79.9	-34.546	-60.931	20150401	95.3	20.4								
79.9	-34.546	-60.931	20150501	190.5	15.7								
79.9	-34.546	-60.931	20150601	12.7	11.8								
79.9	-34.546	-60.931	20150701	89.9	11.8								
79.9	-34.546	-60.931	20150801	201.6	13.2								
79.9	-34.546	-60.931	20150901	176.6	14.1								
79.9	-34.546	-60.931	20151001	139.7	14.8								
79.9	-34.546	-60.931	20151101	171.8	19.9								
79.9	-34.546	-60.931	20151201	44	24.4								
704	-32.833	-68.783	20150101	2.8	28.3								
704	-32.833	-68.783	20150201	39.9	25.8								
704	-32.833	-68.783	20150301	33.3	24.4								
704	-32.833	-68.783	20150401	1.9	20.5								
704	-32.833	-68.783	20150501	0	14.3								
704	-32.833	-68.783	20150601	-9999	11.7								
704	-32.833	-68.783	20150701	0	9.7								
704	-32.833	-68.783	20150801	11.5	15.2								
704	-32.833	-68.783	20150901	0.3	16.6								
704	-32.833	-68.783	20151001	20.1	15								
704	-32.833	-68.783	20151101	40.7	20.7								
704	-32.833	-68.783	20151201	22.5	25.7								
1430.1	-35.494	-69.574	20150101	11	21.9								
1430.1	-35.494	-69.574	20150201	110.6	20.3								
1430.1	-35.494	-69.574	20150301	75.8	19.9								
1430.1	-35.494	-69.574	20150401	1	15								
1430.1	-35.494	-69.574	20150501	0	9.9								
1430.1	-35.494	-69.574	20150601	15.1	7.5								
1430.1	-35.494	-69.574	20150701	31.4	5.6								
1430.1	-35.494	-69.574	20150801	61	8.5								
1430.1	-35.494	-69.574	20150901	19.5	8.6								
1430.1	-35.494	-69.574	20151001	65	8.7								
1430.1	-35.494	-69.574	20151101	55.1	15								
1430.1	-35.494	-69.574	20151201	51.3	19.5								
59.1	-26.213	-58.228	20150101	111.1	30.3								
59.1	-26.213	-58.228	20150201	56.1	27.7								
59.1	-26.213	-58.228	20150301	100.1	26.5								
59.1	-26.213	-58.228	20150401	169.5	22.8								
59.1	-26.213	-58.228	20150501	257.6	21.8								
59.1	-26.213	-58.228	20150601	27.2	20.4								
59.1	-26.213	-58.228	20150701	23.8	16.8								
59.1	-26.213	-58.228	20150801	35.3	23.5								
59.1	-26.213	-58.228	20150901	13.1	23								
59.1	-26.213	-58.228	20151001	171.2	25.5								
59.1	-26.213	-58.228	20151101	225.1	24.7								
59.1	-26.213	-58.228	20151201	422.3	27.5								
455.7	-26.841	-65.105	20150101	277.1	26.5								
455.7	-26.841	-65.105	20150201	179.8	25.1								
455.7	-26.841	-65.105	20150301	483.9	23.8								
455.7	-26.841	-65.105	20150401	31.8	22.7								
455.7	-26.841	-65.105	20150501	13.2	21.5								
455.7	-26.841	-65.105	20150601	3	14								
455.7	-26.841	-65.105	20150701	0	15.4								
455.7	-26.841	-65.105	20150801	95.5	17.8								
455.7	-26.841	-65.105	20150901	13.1	20.4								
455.7	-26.841	-65.105	20151001	12.9	21.3								
455.7	-26.841	-65.105	20151101	115.3	22.4								
455.7	-26.841	-65.105	20151201	200.9	26.6								
61.9	-27.446	-58.762	20150101	65.8	28.5								
61.9	-27.446	-58.762	20150201	148	27.6								
61.9	-27.446	-58.762	20150301	112.1	26.1								
61.9	-27.446	-58.762	20150401	40.8	22.8								
61.9	-27.446	-58.762	20150501	122.7	20.4								
61.9	-27.446	-58.762	20150601	171.7	17.9								
61.9	-27.446	-58.762	20150701	3.5	16.5								
61.9	-27.446	-58.762	20150801	51.9	20.1								
61.9	-27.446	-58.762	20150901	2	22.1								
61.9	-27.446	-58.762	20151001	156.5	21								
61.9	-27.446	-58.762	20151101	146.6	23.3								
61.9	-27.446	-58.762	20151201	243.8	26.7								
461	-30.367	-66.283	20150101	76.3	28.7								
461	-30.367	-66.283	20150201	39.8	26.9								
461	-30.367	-66.283	20150301	54.1	24.9								
461	-30.367	-66.283	20150401	19.1	23.3								
461	-30.367	-66.283	20150501	0.5	18								
461	-30.367	-66.283	20150601	0	13.6								
461	-30.367	-66.283	20150701	8.1	13.6								
461	-30.367	-66.283	20150801	33.7	17.8								
461	-30.367	-66.283	20150901	25.9	19.2								
461	-30.367	-66.283	20151001	2	20.7								
461	-30.367	-66.283	20151101	174.1	23								
461	-30.367	-66.283	20151201	90.6	27								
920.2	-24.393	-65.098	20150101	136.2	25.6								
920.2	-24.393	-65.098	20150201	201	23.7								
920.2	-24.393	-65.098	20150301	108.1	22.6								
920.2	-24.393	-65.098	20150401	56	21.2								
920.2	-24.393	-65.098	20150501	46.1	17								
920.2	-24.393	-65.098	20150601	0.3	14.2								
920.2	-24.393	-65.098	20150701	7.6	14.4								
920.2	-24.393	-65.098	20150801	19.3	18.2								
920.2	-24.393	-65.098	20150901	7.1	21.8								
920.2	-24.393	-65.098	20151001	1.5	22.6								
920.2	-24.393	-65.098	20151101	44.4	23								
920.2	-24.393	-65.098	20151201	50	25.8								
341	-29.9	-63.683	20150101	57.5	27.5								
341	-29.9	-63.683	20150201	256.4	23.1								
341	-29.9	-63.683	20150301	44.2	22.8								
341	-29.9	-63.683	20150401	42.4	21.6								
341	-29.9	-63.683	20150501	12.2	18.4								
341	-29.9	-63.683	20150601	2.1	14.4								
341	-29.9	-63.683	20150701	9.2	12.6								
341	-29.9	-63.683	20150801	31.3	-9999								
341	-29.9	-63.683	20150901	4.1	-9999								
341	-29.9	-63.683	20151001	7.1	-9999								
341	-29.9	-63.683	20151101	97.4	-9999								
341	-29.9	-63.683	20151201	85.1	-9999								
70.1	-29.689	-57.152	20150101	380	26.1								
70.1	-29.689	-57.152	20150201	84.6	25.8								
70.1	-29.689	-57.152	20150301	64.1	24.8								
70.1	-29.689	-57.152	20150401	27.9	22.6								
70.1	-29.689	-57.152	20150501	99.8	19.7								
70.1	-29.689	-57.152	20150601	43.9	15.3								
70.1	-29.689	-57.152	20150701	76.8	13.3								
70.1	-29.689	-57.152	20150801	184.2	18								
70.1	-29.689	-57.152	20150901	60.9	18.6								
70.1	-29.689	-57.152	20151001	294.4	19.8								
70.1	-29.689	-57.152	20151101	208.3	22.7								
70.1	-29.689	-57.152	20151201	395.2	25.1								
147	-36.833	-59.883	20150101	103.3	22								
147	-36.833	-59.883	20150201	41.1	22.3								
147	-36.833	-59.883	20150301	23.8	21								
147	-36.833	-59.883	20150401	161.4	17.5								
147	-36.833	-59.883	20150501	65.7	14.1								
147	-36.833	-59.883	20150601	23.8	9.6								
147	-36.833	-59.883	20150701	44.8	8.2								
147	-36.833	-59.883	20150801	117.4	11.6								
147	-36.833	-59.883	20150901	10.2	11.3								
147	-36.833	-59.883	20151001	91.2	11.9								
147	-36.833	-59.883	20151101	68.8	17.5								
147	-36.833	-59.883	20151201	36.1	22.5								
53	-27.45	-59.05	20150101	70.2	28.7								
53	-27.45	-59.05	20150201	223.8	27.6								
53	-27.45	-59.05	20150301	101.1	26.2								
53	-27.45	-59.05	20150401	36	23.6								
53	-27.45	-59.05	20150501	172.8	20.4								
53	-27.45	-59.05	20150601	179.4	18.2								
53	-27.45	-59.05	20150701	6	16.8								
53	-27.45	-59.05	20150801	57.8	20.4								
53	-27.45	-59.05	20150901	7.1	21.3								
53	-27.45	-59.05	20151001	128.8	22.6								
53	-27.45	-59.05	20151101	234.6	23.7								
53	-27.45	-59.05	20151201	242.4	26.5								
86	-24.75	-58.833	20150101	143.5	30.1								
86	-24.75	-58.833	20150201	93.2	28.7								
86	-24.75	-58.833	20150301	195.8	26.4								
86	-24.75	-58.833	20150401	198.3	25								
86	-24.75	-58.833	20150501	138.5	20.8								
86	-24.75	-58.833	20150601	43.9	19.8								
86	-24.75	-58.833	20150701	14.6	16.3								
86	-24.75	-58.833	20150801	23.6	22.9								
86	-24.75	-58.833	20150901	2	25.4								
86	-24.75	-58.833	20151001	96.2	27.2								
86	-24.75	-58.833	20151101	222.5	26.8								
86	-24.75	-58.833	20151201	105.7	28.5								
53	-29.183	-59.7	20150101	265.1	27.9								
53	-29.183	-59.7	20150201	286.6	27.1								
53	-29.183	-59.7	20150301	67.7	24.9								
53	-29.183	-59.7	20150401	43.9	23.1								
53	-29.183	-59.7	20150501	52.8	18.7								
53	-29.183	-59.7	20150601	49	19.4								
53	-29.183	-59.7	20150701	1.4	16.3								
53	-29.183	-59.7	20150801	320.3	18.7								
53	-29.183	-59.7	20150901	4.9	19.2								
53	-29.183	-59.7	20151001	117.1	19.2								
53	-29.183	-59.7	20151101	162.3	22.3								
53	-29.183	-59.7	20151201	262.8	26								
25.9	-32.904	-60.785	20150101	198	25.8								
25.9	-32.904	-60.785	20150201	41.2	24.8								
25.9	-32.904	-60.785	20150301	88.9	23.5								
25.9	-32.904	-60.785	20150401	46.3	21.3								
25.9	-32.904	-60.785	20150501	92.4	16.8								
25.9	-32.904	-60.785	20150601	16.3	13.7								
25.9	-32.904	-60.785	20150701	52.4	12.2								
25.9	-32.904	-60.785	20150801	124.7	14.5								
25.9	-32.904	-60.785	20150901	20.4	16								
25.9	-32.904	-60.785	20151001	80	15.9								
25.9	-32.904	-60.785	20151101	95.9	20.7								
25.9	-32.904	-60.785	20151201	78	24.7								
192	-36.567	-64.266	20150101	245.8	25.1								
192	-36.567	-64.266	20150201	83.4	24.8								
192	-36.567	-64.266	20150301	65.4	24.7								
192	-36.567	-64.266	20150401	96.4	19.3								
192	-36.567	-64.266	20150501	42.2	14.6								
192	-36.567	-64.266	20150601	1.1	11.4								
192	-36.567	-64.266	20150701	8.1	10.1								
192	-36.567	-64.266	20150801	6.6	12.9								
192	-36.567	-64.266	20150901	52.6	14.1								
192	-36.567	-64.266	20151001	78.1	13.1								
192	-36.567	-64.266	20151101	71.7	20.2								
192	-36.567	-64.266	20151201	141.5	23.8								
489	-31.317	-64.217	20150101	440.9	24.5								
489	-31.317	-64.217	20150201	398.1	19.2								
489	-31.317	-64.217	20150301	89.1	20.9								
489	-31.317	-64.217	20150401	53.4	20.8								
489	-31.317	-64.217	20150501	16.1	16.1								
489	-31.317	-64.217	20150601	0.8	13								
489	-31.317	-64.217	20150701	10.9	12								
489	-31.317	-64.217	20150801	26.4	15.7								
489	-31.317	-64.217	20150901	18	17.5								
489	-31.317	-64.217	20151001	7.4	17.9								
489	-31.317	-64.217	20151101	115.3	20								
489	-31.317	-64.217	20151201	104.2	23.6								
58	-45.783	-67.5	20150101	9.3	19								
58	-45.783	-67.5	20150201	1.5	20.5								
58	-45.783	-67.5	20150301	0	19.2								
58	-45.783	-67.5	20150401	18.3	14.7								
58	-45.783	-67.5	20150501	4.1	11.1								
58	-45.783	-67.5	20150601	15.3	7.9								
58	-45.783	-67.5	20150701	11.9	8.3								
58	-45.783	-67.5	20150801	30.7	8.6								
58	-45.783	-67.5	20150901	17.1	9.7								
58	-45.783	-67.5	20151001	9.2	13.7								
58	-45.783	-67.5	20151101	7.1	17.2								
58	-45.783	-67.5	20151201	9.1	19.6								
709.9	-33.273	-66.356	20150101	143.5	25.3								
709.9	-33.273	-66.356	20150201	393	23.4								
709.9	-33.273	-66.356	20150301	62	23								
709.9	-33.273	-66.356	20150401	97.2	20.7								
709.9	-33.273	-66.356	20150501	0	15.7								
709.9	-33.273	-66.356	20150601	1.8	13.2								
709.9	-33.273	-66.356	20150701	0	12.4								
709.9	-33.273	-66.356	20150801	25.9	14.8								
709.9	-33.273	-66.356	20150901	42.2	15.5								
709.9	-33.273	-66.356	20151001	58.4	15.2								
709.9	-33.273	-66.356	20151101	282	21								
709.9	-33.273	-66.356	20151201	102	24.4								
43	-43.2	-65.266	20150101	19.1	22.2								
43	-43.2	-65.266	20150201	38.1	21.3								
43	-43.2	-65.266	20150301	39.9	20.4								
43	-43.2	-65.266	20150401	12.2	15.7								
43	-43.2	-65.266	20150501	10.6	13.2								
43	-43.2	-65.266	20150601	7.1	9.1								
43	-43.2	-65.266	20150701	4.3	7.6								
43	-43.2	-65.266	20150801	15.2	9.6								
43	-43.2	-65.266	20150901	16.1	10								
43	-43.2	-65.266	20151001	7.7	12.4								
43	-43.2	-65.266	20151101	4.5	18.5								
43	-43.2	-65.266	20151201	3.3	21.1								
53	-30.267	-57.65	20150101	133.6	26.6								
53	-30.267	-57.65	20150201	61.2	26.5								
53	-30.267	-57.65	20150301	71.7	25								
53	-30.267	-57.65	20150401	16	22.3								
53	-30.267	-57.65	20150501	171.1	18.9								
53	-30.267	-57.65	20150601	36.9	16.9								
53	-30.267	-57.65	20150701	31.4	14.7								
53	-30.267	-57.65	20150801	248.5	19.5								
53	-30.267	-57.65	20150901	10.2	18.3								
53	-30.267	-57.65	20151001	302.8	19.4								
53	-30.267	-57.65	20151101	133.1	22.9								
53	-30.267	-57.65	20151201	369.9	25.5								
131.1	-27.386	-55.971	20150101	365.1	27.7								
131.1	-27.386	-55.971	20150201	78.1	28.3								
131.1	-27.386	-55.971	20150301	141.9	27.4								
131.1	-27.386	-55.971	20150401	121.7	23.7								
131.1	-27.386	-55.971	20150501	225.8	20.6								
131.1	-27.386	-55.971	20150601	394.1	18.3								
131.1	-27.386	-55.971	20150701	172.6	16.1								
131.1	-27.386	-55.971	20150801	49.1	22.3								
131.1	-27.386	-55.971	20150901	123.9	22.5								
131.1	-27.386	-55.971	20151001	107.3	22								
131.1	-27.386	-55.971	20151101	310.2	25.6								
131.1	-27.386	-55.971	20151201	426.8	25.8								
420.9	-33.085	-64.261	20150101	161.3	24.7								
420.9	-33.085	-64.261	20150201	296	22.5								
420.9	-33.085	-64.261	20150301	102.1	24								
420.9	-33.085	-64.261	20150401	49	20.7								
420.9	-33.085	-64.261	20150501	0.5	16.3								
420.9	-33.085	-64.261	20150601	3.3	12.2								
420.9	-33.085	-64.261	20150701	13.9	12.1								
420.9	-33.085	-64.261	20150801	9.5	14.4								
420.9	-33.085	-64.261	20150901	36.6	15.3								
420.9	-33.085	-64.261	20151001	43	15.7								
420.9	-33.085	-64.261	20151101	192.8	21.2								
420.9	-33.085	-64.261	20151201	100.8	24.4								
22.9	-33.01	-58.613	20150101	291.8	25.4								
22.9	-33.01	-58.613	20150201	21.1	23.8								
22.9	-33.01	-58.613	20150301	44.2	23.3								
22.9	-33.01	-58.613	20150401	54.1	22.4								
22.9	-33.01	-58.613	20150501	68.6	17.4								
22.9	-33.01	-58.613	20150601	41.3	15								
22.9	-33.01	-58.613	20150701	18.5	12.6								
22.9	-33.01	-58.613	20150801	169	16.7								
22.9	-33.01	-58.613	20150901	30.5	15.2								
22.9	-33.01	-58.613	20151001	91.6	16.3								
22.9	-33.01	-58.613	20151101	21.3	21.4								
22.9	-33.01	-58.613	20151201	109.3	24.6								
139.9	-35.696	-63.758	20150101	104.3	26.1								
139.9	-35.696	-63.758	20150201	32.5	23.8								
139.9	-35.696	-63.758	20150301	53.1	24.5								
139.9	-35.696	-63.758	20150401	81.1	20.3								
139.9	-35.696	-63.758	20150501	18	16								
139.9	-35.696	-63.758	20150601	1.6	11.1								
139.9	-35.696	-63.758	20150701	3	10								
139.9	-35.696	-63.758	20150801	28.2	12.9								
139.9	-35.696	-63.758	20150901	8.2	13.7								
139.9	-35.696	-63.758	20151001	81.5	14.7								
139.9	-35.696	-63.758	20151101	109.9	20.8								
139.9	-35.696	-63.758	20151201	70.5	24.8								
20.4	-34.822	-58.536	20150101	113	24.5								
20.4	-34.822	-58.536	20150201	29.9	23.8								
20.4	-34.822	-58.536	20150301	2.5	21.9								
20.4	-34.822	-58.536	20150401	30.5	21.1								
20.4	-34.822	-58.536	20150501	40.6	15.1								
20.4	-34.822	-58.536	20150601	33	12.3								
20.4	-34.822	-58.536	20150701	51.1	11.8								
20.4	-34.822	-58.536	20150801	158.9	14.3								
20.4	-34.822	-58.536	20150901	31.3	14.8								
20.4	-34.822	-58.536	20151001	79.1	15.3								
20.4	-34.822	-58.536	20151101	197.1	20.7								
20.4	-34.822	-58.536	20151201	33.9	23.3								
888	-41.25	-68.733	20150401	13.4	10.1								
888	-41.25	-68.733	20150501	2.5	6.9								
888	-41.25	-68.733	20150601	18.2	4.2								
888	-41.25	-68.733	20150701	1.6	2.3								
888	-41.25	-68.733	20150801	10	5.9								
888	-41.25	-68.733	20150901	20.7	5.6								
888	-41.25	-68.733	20151001	6.1	7.8								
888	-41.25	-68.733	20151101	0	13.9								
888	-41.25	-68.733	20151201	5.4	17.7								
25	-34.583	-58.483	20150101	193.6	24								
25	-34.583	-58.483	20150201	37.6	25								
25	-34.583	-58.483	20150301	16.5	23.1								
25	-34.583	-58.483	20150401	70.2	21.5								
25	-34.583	-58.483	20150501	31.3	17.4								
25	-34.583	-58.483	20150601	69	13.3								
25	-34.583	-58.483	20150701	57.2	12.9								
25	-34.583	-58.483	20150801	265.8	15								
25	-34.583	-58.483	20150901	33.9	15								
25	-34.583	-58.483	20151001	83.5	15.8								
25	-34.583	-58.483	20151101	230.8	21.2								
25	-34.583	-58.483	20151201	55.6	25.1								
846.1	-41.151	-71.158	20150101	-9999	17.4								
846.1	-41.151	-71.158	20150201	4.1	16.3								
846.1	-41.151	-71.158	20150301	0	13.9								
846.1	-41.151	-71.158	20150401	32	10.2								
846.1	-41.151	-71.158	20150501	110.2	7.6								
846.1	-41.151	-71.158	20150601	275.2	4.2								
846.1	-41.151	-71.158	20150701	162	3.1								
846.1	-41.151	-71.158	20150801	193.2	4.5								
846.1	-41.151	-71.158	20150901	86	5.9								
846.1	-41.151	-71.158	20151001	8.8	8.2								
846.1	-41.151	-71.158	20151101	159.1	11.1								
846.1	-41.151	-71.158	20151201	12.5	13.6								
175	-37.237	-59.228	20150101	120.8	20.7								
175	-37.237	-59.228	20150201	46.7	21.5								
175	-37.237	-59.228	20150301	12.2	21								
175	-37.237	-59.228	20150401	191.9	16.7								
175	-37.237	-59.228	20150501	53.1	12.8								
175	-37.237	-59.228	20150601	37.6	9.5								
175	-37.237	-59.228	20150701	60.7	7.4								
175	-37.237	-59.228	20150801	154.3	10.9								
175	-37.237	-59.228	20150901	10.7	11								
175	-37.237	-59.228	20151001	80.2	11.2								
175	-37.237	-59.228	20151101	138	16.5								
175	-37.237	-59.228	20151201	27.5	22								
484.9	-33.73	-65.387	20150101	107.8	24.7								
484.9	-33.73	-65.387	20150201	206	22.4								
484.9	-33.73	-65.387	20150301	156.9	23.3								
484.9	-33.73	-65.387	20150401	136.9	19.9								
484.9	-33.73	-65.387	20150501	8.9	14.7								
484.9	-33.73	-65.387	20150601	-9999	11.4								
484.9	-33.73	-65.387	20150701	6.1	10.4								
484.9	-33.73	-65.387	20150801	37	13.7								
484.9	-33.73	-65.387	20150901	63.3	14.3								
484.9	-33.73	-65.387	20151001	59.1	15.4								
484.9	-33.73	-65.387	20151101	178.1	19.3								
484.9	-33.73	-65.387	20151201	69.8	23.9								
344.7	-41.943	-71.532	20150101	0	19.5								
344.7	-41.943	-71.532	20150201	8.1	17.7								
344.7	-41.943	-71.532	20150301	1	16								
344.7	-41.943	-71.532	20150401	37.1	11.7								
344.7	-41.943	-71.532	20150501	118.1	8.9								
344.7	-41.943	-71.532	20150601	187.3	5.6								
344.7	-41.943	-71.532	20150701	158.3	5.5								
344.7	-41.943	-71.532	20150801	193.9	6.5								
344.7	-41.943	-71.532	20150901	23.5	7.7								
344.7	-41.943	-71.532	20151001	16	10.8								
344.7	-41.943	-71.532	20151101	18.5	13.9								
344.7	-41.943	-71.532	20151201	10.1	16.1								
583.7	-31.945	-65.146	20150101	103.4	26.7								
583.7	-31.945	-65.146	20150201	115.2	25.2								
583.7	-31.945	-65.146	20150301	93.8	22.7								
583.7	-31.945	-65.146	20150401	15.9	22.5								
583.7	-31.945	-65.146	20150501	3.8	17.7								
583.7	-31.945	-65.146	20150601	4.4	13.3								
583.7	-31.945	-65.146	20150701	8.1	13.9								
583.7	-31.945	-65.146	20150801	1.8	16.6								
583.7	-31.945	-65.146	20150901	8.9	17.9								
583.7	-31.945	-65.146	20151001	62.2	17.6								
583.7	-31.945	-65.146	20151101	111.5	21.6								
583.7	-31.945	-65.146	20151201	68.1	25.2								
9	-36.35	-57.733	20150101	131	23.4								
9	-36.35	-57.733	20150201	89.1	23.2								
9	-36.35	-57.733	20150301	12.4	21.2								
9	-36.35	-57.733	20150401	63.3	17.6								
9	-36.35	-57.733	20150501	100.2	15.8								
9	-36.35	-57.733	20150601	11.9	11								
9	-36.35	-57.733	20150701	82.3	10.8								
9	-36.35	-57.733	20150801	272	12.7								
9	-36.35	-57.733	20150901	23.1	13								
9	-36.35	-57.733	20151001	78.1	14.1								
9	-36.35	-57.733	20151101	95.7	18.2								
9	-36.35	-57.733	20151201	86.2	22.2								
273	-38.95	-68.133	20150101	3	24.6								
273	-38.95	-68.133	20150201	11.9	24.6								
273	-38.95	-68.133	20150301	0	21.7								
273	-38.95	-68.133	20150401	22.1	16.8								
273	-38.95	-68.133	20150501	0	11.7								
273	-38.95	-68.133	20150601	6.4	8.3								
273	-38.95	-68.133	20150701	7.6	7.9								
273	-38.95	-68.133	20150801	17	11.1								
273	-38.95	-68.133	20150901	22.2	11.4								
273	-38.95	-68.133	20151001	8.4	14.3								
273	-38.95	-68.133	20151101	0	19.6								
273	-38.95	-68.133	20151201	113.5	24.1								
